0 31 -4
0 62 1
0 107 -1
0 138 4
1 25 -4
1 56 1
1 119 -1
1 141 4
2 28 -4
2 50 1
2 113 -1
2 144 4
3 31 -4
3 62 1
3 107 -1
3 138 4
4 25 -4
4 56 1
4 119 -1
4 141 4
5 28 -4
5 50 1
5 113 -1
5 144 4
6 31 -4
6 62 1
6 107 -1
6 138 4
7 25 -4
7 56 1
7 119 -1
7 141 4
8 28 -4
8 50 1
8 113 -1
8 144 4
9 31 -4
9 62 1
9 107 -1
9 138 4
10 25 -4
10 56 1
10 119 -1
10 141 4
11 28 -4
11 50 1
11 113 -1
11 144 4
12 31 -4
12 62 1
12 107 -1
12 138 4
13 25 -4
13 56 1
13 119 -1
13 141 4
14 28 -4
14 50 1
14 113 -1
14 144 4
15 31 -4
15 62 1
15 107 -1
15 138 4
16 25 -4
16 56 1
16 119 -1
16 141 4
17 28 -4
17 50 1
17 113 -1
17 144 4
18 31 -4
18 62 1
18 107 -1
18 138 4
19 25 -4
19 56 1
19 119 -1
19 141 4
20 28 -4
20 50 1
20 113 -1
20 144 4
21 31 -4
21 62 1
21 107 -1
21 138 4
22 25 -4
22 56 1
22 119 -1
22 141 4
23 28 -4
23 50 1
23 113 -1
23 144 4
24 31 -4
24 62 1
24 107 -1
24 138 4
25 25 -4
25 56 1
25 119 -1
25 141 4
26 28 -4
26 50 1
26 113 -1
26 144 4
27 31 -4
27 62 1
27 107 -1
27 138 4
28 25 -4
28 56 1
28 119 -1
28 141 4
29 28 -4
29 50 1
29 113 -1
29 144 4
30 31 -4
30 62 1
30 107 -1
30 138 4
31 25 -4
31 56 1
31 119 -1
31 141 4
32 28 -4
32 50 1
32 113 -1
32 144 4
33 31 -4
33 62 1
33 107 -1
33 138 4
34 25 -4
34 56 1
34 119 -1
34 141 4
35 28 -4
35 50 1
35 113 -1
35 144 4
36 31 -4
36 62 1
36 107 -1
36 138 4
37 25 -4
37 56 1
37 119 -1
37 141 4
38 28 -4
38 50 1
38 113 -1
38 144 4
39 31 -4
39 62 1
39 107 -1
39 138 4
40 25 -4
40 56 1
40 119 -1
40 141 4
41 28 -4
41 50 1
41 113 -1
41 144 4
42 31 -4
42 62 1
42 107 -1
42 138 4
43 25 -4
43 56 1
43 119 -1
43 141 4
44 28 -4
44 50 1
44 113 -1
44 144 4
45 31 -4
45 62 1
45 107 -1
45 138 4
46 25 -4
46 56 1
46 119 -1
46 141 4
47 28 -4
47 50 1
47 113 -1
47 144 4
48 31 -4
48 62 1
48 107 -1
48 138 4
49 25 -4
49 56 1
49 119 -1
49 141 4
50 28 -4
50 50 1
50 113 -1
50 144 4
51 31 -4
51 62 1
51 107 -1
51 138 4
52 25 -4
52 56 1
52 119 -1
52 141 4
53 28 -4
53 50 1
53 113 -1
53 144 4
54 31 -4
54 62 1
54 107 -1
54 138 4
55 25 -4
55 56 1
55 119 -1
55 141 4
56 28 -4
56 50 1
56 113 -1
56 144 4
57 31 -4
57 62 1
57 107 -1
57 138 4
58 25 -4
58 56 1
58 119 -1
58 141 4
59 28 -4
59 50 1
59 113 -1
59 144 4
60 31 -4
60 62 1
60 107 -1
60 138 4
61 25 -4
61 56 1
61 119 -1
61 141 4
62 28 -4
62 50 1
62 113 -1
62 144 4
63 31 -4
63 62 1
63 107 -1
63 138 4
64 25 -4
64 56 1
64 119 -1
64 141 4
65 28 -4
65 50 1
65 113 -1
65 144 4
66 31 -4
66 62 1
66 107 -1
66 138 4
67 25 -4
67 56 1
67 119 -1
67 141 4
68 28 -4
68 50 1
68 113 -1
68 144 4
69 31 -4
69 62 1
69 107 -1
69 138 4
70 25 -4
70 56 1
70 119 -1
70 141 4
71 28 -4
71 50 1
71 113 -1
71 144 4
72 31 -4
72 62 1
72 107 -1
72 138 4
73 25 -4
73 56 1
73 119 -1
73 141 4
74 28 -4
74 50 1
74 113 -1
74 144 4
