0 31 1
0 138 -1
1 25 1
1 141 -1
2 28 1
2 144 -1
3 31 1
3 138 -1
4 25 1
4 141 -1
5 28 1
5 144 -1
6 31 1
6 138 -1
7 25 1
7 141 -1
8 28 1
8 144 -1
9 31 1
9 138 -1
10 25 1
10 141 -1
11 28 1
11 144 -1
12 31 1
12 138 -1
13 25 1
13 141 -1
14 28 1
14 144 -1
15 31 1
15 138 -1
16 25 1
16 141 -1
17 28 1
17 144 -1
18 31 1
18 138 -1
19 25 1
19 141 -1
20 28 1
20 144 -1
21 31 1
21 138 -1
22 25 1
22 141 -1
23 28 1
23 144 -1
24 31 1
24 138 -1
25 25 1
25 141 -1
26 28 1
26 144 -1
27 31 1
27 138 -1
28 25 1
28 141 -1
29 28 1
29 144 -1
30 31 1
30 138 -1
31 25 1
31 141 -1
32 28 1
32 144 -1
33 31 1
33 138 -1
34 25 1
34 141 -1
35 28 1
35 144 -1
36 31 1
36 138 -1
37 25 1
37 141 -1
38 28 1
38 144 -1
39 31 1
39 138 -1
40 25 1
40 141 -1
41 28 1
41 144 -1
42 31 1
42 138 -1
43 25 1
43 141 -1
44 28 1
44 144 -1
45 31 1
45 138 -1
46 25 1
46 141 -1
47 28 1
47 144 -1
48 31 1
48 138 -1
49 25 1
49 141 -1
50 28 1
50 144 -1
51 31 1
51 138 -1
52 25 1
52 141 -1
53 28 1
53 144 -1
54 31 1
54 138 -1
55 25 1
55 141 -1
56 28 1
56 144 -1
57 31 1
57 138 -1
58 25 1
58 141 -1
59 28 1
59 144 -1
60 31 1
60 138 -1
61 25 1
61 141 -1
62 28 1
62 144 -1
63 31 1
63 138 -1
64 25 1
64 141 -1
65 28 1
65 144 -1
66 31 1
66 138 -1
67 25 1
67 141 -1
68 28 1
68 144 -1
69 31 1
69 138 -1
70 25 1
70 141 -1
71 28 1
71 144 -1
72 31 1
72 138 -1
73 25 1
73 141 -1
74 28 1
74 144 -1
