1 -6
7 6
8 -6
11 -6
14 6
16 -6
20 -6
22 -6
29 6
34 6
35 6
37 6
40 -6
46 6
47 -6
50 -6
53 6
55 -6
59 -6
61 -6
68 6
73 6
74 6
76 6
79 -6
85 6
86 -6
89 -6
92 6
94 -6
98 -6
100 -6
107 6
112 6
113 6
115 6
118 -6
124 6
125 -6
128 -6
131 6
133 -6
137 -6
139 -6
146 6
151 6
152 6
154 6
157 -6
163 6
164 -6
167 -6
170 6
172 -6
176 -6
178 -6
185 6
190 6
191 6
193 6
196 -6
202 6
203 -6
206 -6
209 6
211 -6
215 -6
217 -6
224 6
229 6
230 6
232 6
235 -6
241 6
242 -6
245 -6
248 6
250 -6
254 -6
256 -6
263 6
268 6
269 6
271 6
274 -6
280 6
281 -6
284 -6
287 6
289 -6
293 -6
295 -6
302 6
307 6
308 6
310 6
313 -6
319 6
320 -6
323 -6
326 6
328 -6
332 -6
334 -6
341 6
346 6
347 6
349 6
352 -6
358 6
359 -6
362 -6
365 6
367 -6
371 -6
373 -6
380 6
385 6
386 6
388 6
391 -6
397 6
398 -6
401 -6
404 6
406 -6
410 -6
412 -6
419 6
424 6
425 6
427 6
430 -6
436 6
437 -6
440 -6
443 6
445 -6
449 -6
451 -6
458 6
463 6
464 6
466 6
469 -6
475 6
476 -6
479 -6
482 6
484 -6
488 -6
490 -6
497 6
502 6
503 6
505 6
