4 -6
7 6
8 -6
10 -6
11 -6
17 6
20 -6
23 6
25 -6
34 6
37 6
38 6
43 -6
46 6
47 -6
49 -6
50 -6
56 6
59 -6
62 6
64 -6
73 6
76 6
77 6
82 -6
85 6
86 -6
88 -6
89 -6
95 6
98 -6
101 6
103 -6
112 6
115 6
116 6
121 -6
124 6
125 -6
127 -6
128 -6
134 6
137 -6
140 6
142 -6
151 6
154 6
155 6
160 -6
163 6
164 -6
166 -6
167 -6
173 6
176 -6
179 6
181 -6
190 6
193 6
194 6
199 -6
202 6
203 -6
205 -6
206 -6
212 6
215 -6
218 6
220 -6
229 6
232 6
233 6
238 -6
241 6
242 -6
244 -6
245 -6
251 6
254 -6
257 6
259 -6
268 6
271 6
272 6
277 -6
280 6
281 -6
283 -6
284 -6
290 6
293 -6
296 6
298 -6
307 6
310 6
311 6
316 -6
319 6
320 -6
322 -6
323 -6
329 6
332 -6
335 6
337 -6
346 6
349 6
350 6
355 -6
358 6
359 -6
361 -6
362 -6
368 6
371 -6
374 6
376 -6
385 6
388 6
389 6
394 -6
397 6
398 -6
400 -6
401 -6
407 6
410 -6
413 6
415 -6
424 6
427 6
428 6
433 -6
436 6
437 -6
439 -6
440 -6
446 6
449 -6
452 6
454 -6
463 6
466 6
467 6
472 -6
475 6
476 -6
478 -6
479 -6
485 6
488 -6
491 6
493 -6
502 6
505 6
506 6
