1 -6
2 -6
5 -6
14 6
16 -6
19 6
22 -6
28 6
29 6
31 6
32 -6
35 6
40 -6
41 -6
44 -6
53 6
55 -6
58 6
61 -6
67 6
68 6
70 6
71 -6
74 6
79 -6
80 -6
83 -6
92 6
94 -6
97 6
100 -6
106 6
107 6
109 6
110 -6
113 6
118 -6
119 -6
122 -6
131 6
133 -6
136 6
139 -6
145 6
146 6
148 6
149 -6
152 6
157 -6
158 -6
161 -6
170 6
172 -6
175 6
178 -6
184 6
185 6
187 6
188 -6
191 6
196 -6
197 -6
200 -6
209 6
211 -6
214 6
217 -6
223 6
224 6
226 6
227 -6
230 6
235 -6
236 -6
239 -6
248 6
250 -6
253 6
256 -6
262 6
263 6
265 6
266 -6
269 6
274 -6
275 -6
278 -6
287 6
289 -6
292 6
295 -6
301 6
302 6
304 6
305 -6
308 6
313 -6
314 -6
317 -6
326 6
328 -6
331 6
334 -6
340 6
341 6
343 6
344 -6
347 6
352 -6
353 -6
356 -6
365 6
367 -6
370 6
373 -6
379 6
380 6
382 6
383 -6
386 6
391 -6
392 -6
395 -6
404 6
406 -6
409 6
412 -6
418 6
419 6
421 6
422 -6
425 6
430 -6
431 -6
434 -6
443 6
445 -6
448 6
451 -6
457 6
458 6
460 6
461 -6
464 6
469 -6
470 -6
473 -6
482 6
484 -6
487 6
490 -6
496 6
497 6
499 6
500 -6
503 6
