2 -6
4 -6
5 -6
10 -6
17 6
19 6
23 6
25 -6
28 6
31 6
32 -6
38 6
41 -6
43 -6
44 -6
49 -6
56 6
58 6
62 6
64 -6
67 6
70 6
71 -6
77 6
80 -6
82 -6
83 -6
88 -6
95 6
97 6
101 6
103 -6
106 6
109 6
110 -6
116 6
119 -6
121 -6
122 -6
127 -6
134 6
136 6
140 6
142 -6
145 6
148 6
149 -6
155 6
158 -6
160 -6
161 -6
166 -6
173 6
175 6
179 6
181 -6
184 6
187 6
188 -6
194 6
197 -6
199 -6
200 -6
205 -6
212 6
214 6
218 6
220 -6
223 6
226 6
227 -6
233 6
236 -6
238 -6
239 -6
244 -6
251 6
253 6
257 6
259 -6
262 6
265 6
266 -6
272 6
275 -6
277 -6
278 -6
283 -6
290 6
292 6
296 6
298 -6
301 6
304 6
305 -6
311 6
314 -6
316 -6
317 -6
322 -6
329 6
331 6
335 6
337 -6
340 6
343 6
344 -6
350 6
353 -6
355 -6
356 -6
361 -6
368 6
370 6
374 6
376 -6
379 6
382 6
383 -6
389 6
392 -6
394 -6
395 -6
400 -6
407 6
409 6
413 6
415 -6
418 6
421 6
422 -6
428 6
431 -6
433 -6
434 -6
439 -6
446 6
448 6
452 6
454 -6
457 6
460 6
461 -6
467 6
470 -6
472 -6
473 -6
478 -6
485 6
487 6
491 6
493 -6
496 6
499 6
500 -6
506 6
