p27 conic-pair B/K-enhanced relation extraction
monomial order follows total degree tuples in the named coordinates
q 1607 system B_c deg 2 unique 56 terms 3 bad 0
[((0, 0), -4), ((0, 2), 1), ((2, 0), 1)]
q 1847 system B_c deg 2 unique 90 terms 3 bad 0
[((0, 0), -4), ((0, 2), 1), ((2, 0), 1)]
q 2087 system B_c deg 2 unique 50 terms 3 bad 0
[((0, 0), -4), ((0, 2), 1), ((2, 0), 1)]
q 1607 system B_s_m deg 4 unique 448 terms 5 bad 0
[((0, 0, 2), -4), ((0, 2, 0), 16), ((0, 2, 2), 1), ((0, 4, 0), -4), ((2, 0, 2), 1)]
q 1847 system B_s_m deg 4 unique 720 terms 5 bad 0
[((0, 0, 2), -4), ((0, 2, 0), 16), ((0, 2, 2), 1), ((0, 4, 0), -4), ((2, 0, 2), 1)]
q 2087 system B_s_m deg 4 unique 400 terms 5 bad 0
[((0, 0, 2), -4), ((0, 2, 0), 16), ((0, 2, 2), 1), ((0, 4, 0), -4), ((2, 0, 2), 1)]
q 1607 system B_s_w deg 6 unique 448 terms 13 bad 0
[((0, 0, 0), -64), ((0, 0, 1), 16), ((0, 0, 2), -1), ((0, 2, 0), 32), ((2, 0, 0), 16), ((0, 2, 1), -4), ((2, 0, 1), -4), ((0, 2, 2), 402), ((0, 4, 0), -4), ((2, 0, 2), 402), ((2, 2, 0), -8), ((2, 2, 1), 1), ((2, 4, 0), 1)]
q 1847 system B_s_w deg 6 unique 720 terms 13 bad 0
[((0, 0, 0), -64), ((0, 0, 1), 16), ((0, 0, 2), -1), ((0, 2, 0), 32), ((2, 0, 0), 16), ((0, 2, 1), -4), ((2, 0, 1), -4), ((0, 2, 2), 462), ((0, 4, 0), -4), ((2, 0, 2), 462), ((2, 2, 0), -8), ((2, 2, 1), 1), ((2, 4, 0), 1)]
q 2087 system B_s_w deg 6 unique 400 terms 13 bad 0
[((0, 0, 0), -64), ((0, 0, 1), 16), ((0, 0, 2), -1), ((0, 2, 0), 32), ((2, 0, 0), 16), ((0, 2, 1), -4), ((2, 0, 1), -4), ((0, 2, 2), 522), ((0, 4, 0), -4), ((2, 0, 2), 522), ((2, 2, 0), -8), ((2, 2, 1), 1), ((2, 4, 0), 1)]
q 1607 system B_c_r deg 2 unique 448 terms 3 bad 0
[((0, 0, 0), -4), ((0, 2, 0), 1), ((2, 0, 0), 1)]
q 1847 system B_c_r deg 2 unique 720 terms 3 bad 0
[((0, 0, 0), -4), ((0, 2, 0), 1), ((2, 0, 0), 1)]
q 2087 system B_c_r deg 2 unique 400 terms 3 bad 0
[((0, 0, 0), -4), ((0, 2, 0), 1), ((2, 0, 0), 1)]
p27_conic_pair_b_enhanced_relation_extract_rows=1/1
