Pomerance triple search

p = 1000000000000000000000000103  (28 digits)
seed_offset = 128  max_trials_override = 100000
curve_mode = X1(16) nonsplit + label-2 depth-5 to depth-6 obstruction stats
P26 label2 depth-5 -> depth-6 obstruction stats
p = 1000000000000000000000000103
k = 45
target_depth = 20
source_pairs = 100000
depth6_success = 49908  rate = 0.499080000
elapsed_seconds = 5.493936  source_pair_rate_Mps = 0.018202
class source_pairs d5_survive d5_rate d6_survive d6_rate d8_survive d8_rate d10_survive d10_rate d12_survive d12_rate d14_survive d14_rate d16_survive d16_rate d18_survive d18_rate d20_survive d20_rate
d_nonsquare 50092 50092 1.000000000 0 0.000000000 0 0.000000000 0 0.000000000 0 0.000000000 0 0.000000000 0 0.000000000 0 0.000000000 0 0.000000000
w_none 0 0 0.000000000 0 0.000000000 0 0.000000000 0 0.000000000 0 0.000000000 0 0.000000000 0 0.000000000 0 0.000000000 0 0.000000000
plus_only 24788 24788 1.000000000 24788 1.000000000 6144 0.247861869 1531 0.061763757 394 0.015894788 82 0.003308052 14 0.000564789 3 0.000121026 0 0.000000000
minus_only 25120 25120 1.000000000 25120 1.000000000 6202 0.246894904 1531 0.060947452 410 0.016321656 94 0.003742038 24 0.000955414 3 0.000119427 0 0.000000000
both 0 0 0.000000000 0 0.000000000 0 0.000000000 0 0.000000000 0 0.000000000 0 0.000000000 0 0.000000000 0 0.000000000 0 0.000000000
den_class source_pairs depth6_success depth6_rate d5_survive d5_rate d6_survive d6_rate d8_survive d8_rate d10_survive d10_rate d12_survive d12_rate d14_survive d14_rate d16_survive d16_rate d18_survive d18_rate d20_survive d20_rate
chi=-1 50166 25038 0.499102978 50166 1.000000000 25038 0.499102978 6124 0.122074712 1542 0.030737950 402 0.008013396 96 0.001913647 22 0.000438544 4 0.000079735 0 0.000000000
chi=0 0 0 0.000000000 0 0.000000000 0 0.000000000 0 0.000000000 0 0.000000000 0 0.000000000 0 0.000000000 0 0.000000000 0 0.000000000 0 0.000000000
chi=+1 49834 24870 0.499056869 49834 1.000000000 24870 0.499056869 6222 0.124854517 1520 0.030501264 402 0.008066782 80 0.001605330 16 0.000321066 2 0.000040133 0 0.000000000
unknown 0 0 0.000000000 0 0.000000000 0 0.000000000 0 0.000000000 0 0.000000000 0 0.000000000 0 0.000000000 0 0.000000000 0 0.000000000 0 0.000000000
cover_factor class source_pairs depth6_success depth6_rate d5_survive d5_rate d6_survive d6_rate d8_survive d8_rate d10_survive d10_rate d12_survive d12_rate d14_survive d14_rate d16_survive d16_rate d18_survive d18_rate d20_survive d20_rate
X2_plus_1 chi=-1 49694 24730 0.497645591 49694 1.000000000 24730 0.497645591 6006 0.120859661 1442 0.029017588 378 0.007606552 86 0.001730591 18 0.000362217 2 0.000040246 0 0.000000000
X2_plus_1 chi=0 0 0 0.000000000 0 0.000000000 0 0.000000000 0 0.000000000 0 0.000000000 0 0.000000000 0 0.000000000 0 0.000000000 0 0.000000000 0 0.000000000
X2_plus_1 chi=+1 50306 25178 0.500496959 50306 1.000000000 25178 0.500496959 6340 0.126028704 1620 0.032202918 426 0.008468175 90 0.001789051 20 0.000397567 4 0.000079513 0 0.000000000
X2_plus_1 unknown 0 0 0.000000000 0 0.000000000 0 0.000000000 0 0.000000000 0 0.000000000 0 0.000000000 0 0.000000000 0 0.000000000 0 0.000000000 0 0.000000000
X2_plus_2X_minus_1 chi=-1 49964 24780 0.495957089 49964 1.000000000 24780 0.495957089 6252 0.125130094 1554 0.031102394 396 0.007925707 78 0.001561124 18 0.000360259 4 0.000080058 0 0.000000000
X2_plus_2X_minus_1 chi=0 0 0 0.000000000 0 0.000000000 0 0.000000000 0 0.000000000 0 0.000000000 0 0.000000000 0 0.000000000 0 0.000000000 0 0.000000000 0 0.000000000
X2_plus_2X_minus_1 chi=+1 50036 25128 0.502198417 50036 1.000000000 25128 0.502198417 6094 0.121792310 1508 0.030138300 408 0.008154129 98 0.001958590 20 0.000399712 2 0.000039971 0 0.000000000
X2_plus_2X_minus_1 unknown 0 0 0.000000000 0 0.000000000 0 0.000000000 0 0.000000000 0 0.000000000 0 0.000000000 0 0.000000000 0 0.000000000 0 0.000000000 0 0.000000000
quotient_feature class source_pairs depth6_success depth6_rate d5_survive d5_rate d6_survive d6_rate d8_survive d8_rate d10_survive d10_rate d12_survive d12_rate d14_survive d14_rate d16_survive d16_rate d18_survive d18_rate d20_survive d20_rate
U chi=-1 0 0 0.000000000 0 0.000000000 0 0.000000000 0 0.000000000 0 0.000000000 0 0.000000000 0 0.000000000 0 0.000000000 0 0.000000000 0 0.000000000
U chi=0 0 0 0.000000000 0 0.000000000 0 0.000000000 0 0.000000000 0 0.000000000 0 0.000000000 0 0.000000000 0 0.000000000 0 0.000000000 0 0.000000000
U chi=+1 100000 49908 0.499080000 100000 1.000000000 49908 0.499080000 12346 0.123460000 3062 0.030620000 804 0.008040000 176 0.001760000 38 0.000380000 6 0.000060000 0 0.000000000
U unknown 0 0 0.000000000 0 0.000000000 0 0.000000000 0 0.000000000 0 0.000000000 0 0.000000000 0 0.000000000 0 0.000000000 0 0.000000000 0 0.000000000
V chi=-1 50086 24828 0.495707383 50086 1.000000000 24828 0.495707383 6184 0.123467636 1550 0.030946772 410 0.008185920 92 0.001836841 14 0.000279519 2 0.000039931 0 0.000000000
V chi=0 0 0 0.000000000 0 0.000000000 0 0.000000000 0 0.000000000 0 0.000000000 0 0.000000000 0 0.000000000 0 0.000000000 0 0.000000000 0 0.000000000
V chi=+1 49914 25080 0.502464238 49914 1.000000000 25080 0.502464238 6162 0.123452338 1512 0.030292102 394 0.007893577 84 0.001682895 24 0.000480827 4 0.000080138 0 0.000000000
V unknown 0 0 0.000000000 0 0.000000000 0 0.000000000 0 0.000000000 0 0.000000000 0 0.000000000 0 0.000000000 0 0.000000000 0 0.000000000 0 0.000000000
U_plus_1 chi=-1 49984 24856 0.497279129 49984 1.000000000 24856 0.497279129 6110 0.122239117 1528 0.030569782 374 0.007482394 98 0.001960627 20 0.000400128 0 0.000000000 0 0.000000000
U_plus_1 chi=0 0 0 0.000000000 0 0.000000000 0 0.000000000 0 0.000000000 0 0.000000000 0 0.000000000 0 0.000000000 0 0.000000000 0 0.000000000 0 0.000000000
U_plus_1 chi=+1 50016 25052 0.500879718 50016 1.000000000 25052 0.500879718 6236 0.124680102 1534 0.030670186 430 0.008597249 78 0.001559501 18 0.000359885 6 0.000119962 0 0.000000000
U_plus_1 unknown 0 0 0.000000000 0 0.000000000 0 0.000000000 0 0.000000000 0 0.000000000 0 0.000000000 0 0.000000000 0 0.000000000 0 0.000000000 0 0.000000000
U_minus_1 chi=-1 50034 24936 0.498381101 50034 1.000000000 24936 0.498381101 6116 0.122236879 1502 0.030019587 382 0.007634808 80 0.001598913 18 0.000359755 4 0.000079946 0 0.000000000
U_minus_1 chi=0 0 0 0.000000000 0 0.000000000 0 0.000000000 0 0.000000000 0 0.000000000 0 0.000000000 0 0.000000000 0 0.000000000 0 0.000000000 0 0.000000000
U_minus_1 chi=+1 49966 24972 0.499779850 49966 1.000000000 24972 0.499779850 6230 0.124684786 1560 0.031221230 422 0.008445743 96 0.001921306 20 0.000400272 2 0.000040027 0 0.000000000
U_minus_1 unknown 0 0 0.000000000 0 0.000000000 0 0.000000000 0 0.000000000 0 0.000000000 0 0.000000000 0 0.000000000 0 0.000000000 0 0.000000000 0 0.000000000
U_plus_2 chi=-1 49694 24730 0.497645591 49694 1.000000000 24730 0.497645591 6006 0.120859661 1442 0.029017588 378 0.007606552 86 0.001730591 18 0.000362217 2 0.000040246 0 0.000000000
U_plus_2 chi=0 0 0 0.000000000 0 0.000000000 0 0.000000000 0 0.000000000 0 0.000000000 0 0.000000000 0 0.000000000 0 0.000000000 0 0.000000000 0 0.000000000
U_plus_2 chi=+1 50306 25178 0.500496959 50306 1.000000000 25178 0.500496959 6340 0.126028704 1620 0.032202918 426 0.008468175 90 0.001789051 20 0.000397567 4 0.000079513 0 0.000000000
U_plus_2 unknown 0 0 0.000000000 0 0.000000000 0 0.000000000 0 0.000000000 0 0.000000000 0 0.000000000 0 0.000000000 0 0.000000000 0 0.000000000 0 0.000000000
U_minus_2 chi=-1 49694 24730 0.497645591 49694 1.000000000 24730 0.497645591 6006 0.120859661 1442 0.029017588 378 0.007606552 86 0.001730591 18 0.000362217 2 0.000040246 0 0.000000000
U_minus_2 chi=0 0 0 0.000000000 0 0.000000000 0 0.000000000 0 0.000000000 0 0.000000000 0 0.000000000 0 0.000000000 0 0.000000000 0 0.000000000 0 0.000000000
U_minus_2 chi=+1 50306 25178 0.500496959 50306 1.000000000 25178 0.500496959 6340 0.126028704 1620 0.032202918 426 0.008468175 90 0.001789051 20 0.000397567 4 0.000079513 0 0.000000000
U_minus_2 unknown 0 0 0.000000000 0 0.000000000 0 0.000000000 0 0.000000000 0 0.000000000 0 0.000000000 0 0.000000000 0 0.000000000 0 0.000000000 0 0.000000000
U2_plus_4 chi=-1 0 0 0.000000000 0 0.000000000 0 0.000000000 0 0.000000000 0 0.000000000 0 0.000000000 0 0.000000000 0 0.000000000 0 0.000000000 0 0.000000000
U2_plus_4 chi=0 0 0 0.000000000 0 0.000000000 0 0.000000000 0 0.000000000 0 0.000000000 0 0.000000000 0 0.000000000 0 0.000000000 0 0.000000000 0 0.000000000
U2_plus_4 chi=+1 100000 49908 0.499080000 100000 1.000000000 49908 0.499080000 12346 0.123460000 3062 0.030620000 804 0.008040000 176 0.001760000 38 0.000380000 6 0.000060000 0 0.000000000
U2_plus_4 unknown 0 0 0.000000000 0 0.000000000 0 0.000000000 0 0.000000000 0 0.000000000 0 0.000000000 0 0.000000000 0 0.000000000 0 0.000000000 0 0.000000000
V_plus_U chi=-1 50324 25126 0.499284636 50324 1.000000000 25126 0.499284636 6164 0.122486289 1554 0.030879898 414 0.008226691 112 0.002225578 20 0.000397425 4 0.000079485 0 0.000000000
V_plus_U chi=0 0 0 0.000000000 0 0.000000000 0 0.000000000 0 0.000000000 0 0.000000000 0 0.000000000 0 0.000000000 0 0.000000000 0 0.000000000 0 0.000000000
V_plus_U chi=+1 49676 24782 0.498872695 49676 1.000000000 24782 0.498872695 6182 0.124446413 1508 0.030356711 390 0.007850874 64 0.001288348 18 0.000362348 2 0.000040261 0 0.000000000
V_plus_U unknown 0 0 0.000000000 0 0.000000000 0 0.000000000 0 0.000000000 0 0.000000000 0 0.000000000 0 0.000000000 0 0.000000000 0 0.000000000 0 0.000000000
V_minus_U chi=-1 49758 24874 0.499899514 49758 1.000000000 24874 0.499899514 6130 0.123196270 1534 0.030829213 412 0.008280076 90 0.001808754 24 0.000482334 4 0.000080389 0 0.000000000
V_minus_U chi=0 0 0 0.000000000 0 0.000000000 0 0.000000000 0 0.000000000 0 0.000000000 0 0.000000000 0 0.000000000 0 0.000000000 0 0.000000000 0 0.000000000
V_minus_U chi=+1 50242 25034 0.498268381 50242 1.000000000 25034 0.498268381 6216 0.123721189 1528 0.030412802 392 0.007802237 86 0.001711715 14 0.000278651 2 0.000039807 0 0.000000000
V_minus_U unknown 0 0 0.000000000 0 0.000000000 0 0.000000000 0 0.000000000 0 0.000000000 0 0.000000000 0 0.000000000 0 0.000000000 0 0.000000000 0 0.000000000
V_plus_2U chi=-1 49794 24832 0.498694622 49794 1.000000000 24832 0.498694622 6118 0.122866209 1474 0.029601960 362 0.007269952 66 0.001325461 18 0.000361489 0 0.000000000 0 0.000000000
V_plus_2U chi=0 0 0 0.000000000 0 0.000000000 0 0.000000000 0 0.000000000 0 0.000000000 0 0.000000000 0 0.000000000 0 0.000000000 0 0.000000000 0 0.000000000
V_plus_2U chi=+1 50206 25076 0.499462216 50206 1.000000000 25076 0.499462216 6228 0.124048918 1588 0.031629686 442 0.008803729 110 0.002190973 20 0.000398359 6 0.000119508 0 0.000000000
V_plus_2U unknown 0 0 0.000000000 0 0.000000000 0 0.000000000 0 0.000000000 0 0.000000000 0 0.000000000 0 0.000000000 0 0.000000000 0 0.000000000 0 0.000000000
V_minus_2U chi=-1 49794 24832 0.498694622 49794 1.000000000 24832 0.498694622 6118 0.122866209 1474 0.029601960 362 0.007269952 66 0.001325461 18 0.000361489 0 0.000000000 0 0.000000000
V_minus_2U chi=0 0 0 0.000000000 0 0.000000000 0 0.000000000 0 0.000000000 0 0.000000000 0 0.000000000 0 0.000000000 0 0.000000000 0 0.000000000 0 0.000000000
V_minus_2U chi=+1 50206 25076 0.499462216 50206 1.000000000 25076 0.499462216 6228 0.124048918 1588 0.031629686 442 0.008803729 110 0.002190973 20 0.000398359 6 0.000119508 0 0.000000000
V_minus_2U unknown 0 0 0.000000000 0 0.000000000 0 0.000000000 0 0.000000000 0 0.000000000 0 0.000000000 0 0.000000000 0 0.000000000 0 0.000000000 0 0.000000000
residual_w_feature class source_pairs depth6_success depth6_rate d5_survive d5_rate d6_survive d6_rate d8_survive d8_rate d10_survive d10_rate d12_survive d12_rate d14_survive d14_rate d16_survive d16_rate d18_survive d18_rate d20_survive d20_rate
X chi=-1 49834 24870 0.499056869 49834 1.000000000 24870 0.499056869 6222 0.124854517 1520 0.030501264 402 0.008066782 80 0.001605330 16 0.000321066 2 0.000040133 0 0.000000000
X chi=0 0 0 0.000000000 0 0.000000000 0 0.000000000 0 0.000000000 0 0.000000000 0 0.000000000 0 0.000000000 0 0.000000000 0 0.000000000 0 0.000000000
X chi=+1 50166 25038 0.499102978 50166 1.000000000 25038 0.499102978 6124 0.122074712 1542 0.030737950 402 0.008013396 96 0.001913647 22 0.000438544 4 0.000079735 0 0.000000000
X unknown 0 0 0.000000000 0 0.000000000 0 0.000000000 0 0.000000000 0 0.000000000 0 0.000000000 0 0.000000000 0 0.000000000 0 0.000000000 0 0.000000000
W_plus_X_Xminus1 chi=-1 49818 24814 0.498093059 49818 1.000000000 24814 0.498093059 6114 0.122726725 1528 0.030671645 408 0.008189811 86 0.001726284 16 0.000321169 4 0.000080292 0 0.000000000
W_plus_X_Xminus1 chi=0 0 0 0.000000000 0 0.000000000 0 0.000000000 0 0.000000000 0 0.000000000 0 0.000000000 0 0.000000000 0 0.000000000 0 0.000000000 0 0.000000000
W_plus_X_Xminus1 chi=+1 50182 25094 0.500059782 50182 1.000000000 25094 0.500059782 6232 0.124187956 1534 0.030568730 396 0.007891276 90 0.001793472 22 0.000438404 2 0.000039855 0 0.000000000
W_plus_X_Xminus1 unknown 0 0 0.000000000 0 0.000000000 0 0.000000000 0 0.000000000 0 0.000000000 0 0.000000000 0 0.000000000 0 0.000000000 0 0.000000000 0 0.000000000
W_minus_X_Xminus1 chi=-1 49808 24904 0.500000000 49808 1.000000000 24904 0.500000000 6144 0.123353678 1546 0.031039190 398 0.007990684 92 0.001847093 22 0.000441696 2 0.000040154 0 0.000000000
W_minus_X_Xminus1 chi=0 0 0 0.000000000 0 0.000000000 0 0.000000000 0 0.000000000 0 0.000000000 0 0.000000000 0 0.000000000 0 0.000000000 0 0.000000000 0 0.000000000
W_minus_X_Xminus1 chi=+1 50192 25004 0.498167039 50192 1.000000000 25004 0.498167039 6202 0.123565508 1516 0.030204017 406 0.008088938 84 0.001673573 16 0.000318776 4 0.000079694 0 0.000000000
W_minus_X_Xminus1 unknown 0 0 0.000000000 0 0.000000000 0 0.000000000 0 0.000000000 0 0.000000000 0 0.000000000 0 0.000000000 0 0.000000000 0 0.000000000 0 0.000000000
W_plus_X_plus_1 chi=-1 50028 25042 0.500559687 50028 1.000000000 25042 0.500559687 6204 0.124010554 1558 0.031142560 382 0.007635724 64 0.001279284 14 0.000279843 4 0.000079955 0 0.000000000
W_plus_X_plus_1 chi=0 0 0 0.000000000 0 0.000000000 0 0.000000000 0 0.000000000 0 0.000000000 0 0.000000000 0 0.000000000 0 0.000000000 0 0.000000000 0 0.000000000
W_plus_X_plus_1 chi=+1 49972 24866 0.497598655 49972 1.000000000 24866 0.497598655 6142 0.122908829 1504 0.030096854 422 0.008444729 112 0.002241255 24 0.000480269 2 0.000040022 0 0.000000000
W_plus_X_plus_1 unknown 0 0 0.000000000 0 0.000000000 0 0.000000000 0 0.000000000 0 0.000000000 0 0.000000000 0 0.000000000 0 0.000000000 0 0.000000000 0 0.000000000
W_minus_X_minus_1 chi=-1 50050 25020 0.499900100 50050 1.000000000 25020 0.499900100 6260 0.125074925 1586 0.031688312 416 0.008311688 102 0.002037962 30 0.000599401 4 0.000079920 0 0.000000000
W_minus_X_minus_1 chi=0 0 0 0.000000000 0 0.000000000 0 0.000000000 0 0.000000000 0 0.000000000 0 0.000000000 0 0.000000000 0 0.000000000 0 0.000000000 0 0.000000000
W_minus_X_minus_1 chi=+1 49950 24888 0.498258258 49950 1.000000000 24888 0.498258258 6086 0.121841842 1476 0.029549550 388 0.007767768 74 0.001481481 8 0.000160160 2 0.000040040 0 0.000000000
W_minus_X_minus_1 unknown 0 0 0.000000000 0 0.000000000 0 0.000000000 0 0.000000000 0 0.000000000 0 0.000000000 0 0.000000000 0 0.000000000 0 0.000000000 0 0.000000000
X2_minus_2X_minus_1 chi=-1 49964 24780 0.495957089 49964 1.000000000 24780 0.495957089 6252 0.125130094 1554 0.031102394 396 0.007925707 78 0.001561124 18 0.000360259 4 0.000080058 0 0.000000000
X2_minus_2X_minus_1 chi=0 0 0 0.000000000 0 0.000000000 0 0.000000000 0 0.000000000 0 0.000000000 0 0.000000000 0 0.000000000 0 0.000000000 0 0.000000000 0 0.000000000
X2_minus_2X_minus_1 chi=+1 50036 25128 0.502198417 50036 1.000000000 25128 0.502198417 6094 0.121792310 1508 0.030138300 408 0.008154129 98 0.001958590 20 0.000399712 2 0.000039971 0 0.000000000
X2_minus_2X_minus_1 unknown 0 0 0.000000000 0 0.000000000 0 0.000000000 0 0.000000000 0 0.000000000 0 0.000000000 0 0.000000000 0 0.000000000 0 0.000000000 0 0.000000000
repaired_residual_twist chi=-1 100000 49908 0.499080000 100000 1.000000000 49908 0.499080000 12346 0.123460000 3062 0.030620000 804 0.008040000 176 0.001760000 38 0.000380000 6 0.000060000 0 0.000000000
repaired_residual_twist chi=0 0 0 0.000000000 0 0.000000000 0 0.000000000 0 0.000000000 0 0.000000000 0 0.000000000 0 0.000000000 0 0.000000000 0 0.000000000 0 0.000000000
repaired_residual_twist chi=+1 0 0 0.000000000 0 0.000000000 0 0.000000000 0 0.000000000 0 0.000000000 0 0.000000000 0 0.000000000 0 0.000000000 0 0.000000000 0 0.000000000
repaired_residual_twist unknown 0 0 0.000000000 0 0.000000000 0 0.000000000 0 0.000000000 0 0.000000000 0 0.000000000 0 0.000000000 0 0.000000000 0 0.000000000 0 0.000000000
h90_orientation_mismatch = 50086
h90_orientation_unknown = 0
h90_orientation class source_pairs depth6_success depth6_rate d5_survive d5_rate d6_survive d6_rate d8_survive d8_rate d10_survive d10_rate d12_survive d12_rate d14_survive d14_rate d16_survive d16_rate d18_survive d18_rate d20_survive d20_rate
H90 chi=-1 49662 24828 0.499939592 49662 1.000000000 24828 0.499939592 6184 0.124521767 1550 0.031210986 410 0.008255809 92 0.001852523 14 0.000281906 2 0.000040272 0 0.000000000
H90 chi=0 0 0 0.000000000 0 0.000000000 0 0.000000000 0 0.000000000 0 0.000000000 0 0.000000000 0 0.000000000 0 0.000000000 0 0.000000000 0 0.000000000
H90 chi=+1 50338 25080 0.498231952 50338 1.000000000 25080 0.498231952 6162 0.122412492 1512 0.030036950 394 0.007827089 84 0.001668719 24 0.000476777 4 0.000079463 0 0.000000000
H90 unknown 0 0 0.000000000 0 0.000000000 0 0.000000000 0 0.000000000 0 0.000000000 0 0.000000000 0 0.000000000 0 0.000000000 0 0.000000000 0 0.000000000
residual_group class source_pairs depth6_success depth6_rate d5_survive d5_rate d6_survive d6_rate d8_survive d8_rate d10_survive d10_rate d12_survive d12_rate d14_survive d14_rate d16_survive d16_rate d18_survive d18_rate d20_survive d20_rate
E0_mod3 0 0 0 0.000000000 0 0.000000000 0 0.000000000 0 0.000000000 0 0.000000000 0 0.000000000 0 0.000000000 0 0.000000000 0 0.000000000 0 0.000000000
E0_mod3 1 100000 49908 0.499080000 100000 1.000000000 49908 0.499080000 12346 0.123460000 3062 0.030620000 804 0.008040000 176 0.001760000 38 0.000380000 6 0.000060000 0 0.000000000
E0_mod3 2 0 0 0.000000000 0 0.000000000 0 0.000000000 0 0.000000000 0 0.000000000 0 0.000000000 0 0.000000000 0 0.000000000 0 0.000000000 0 0.000000000
p26_label2_depth6_stats_rows=1/1
